6
[[0,1],[1,2],[1,3],[3,4],[3,5]]
[9,8,7,6,10,5]
24

3
[[0,1],[1,2]]
[1,1,1]
2

1
[]
[10]
0

2
[[0,1]]
[12,12]
12

9
[[1,7],[5,2],[2,3],[6,0],[0,4],[4,7],[7,3],[3,8]]
[6,13,8,10,4,5,8,3,1]
39

78
[[3,55],[7,14],[8,9],[9,66],[10,63],[11,37],[12,63],[15,69],[16,19],[17,22],[19,58],[21,44],[25,54],[27,23],[30,63],[32,71],[34,73],[35,57],[36,14],[37,29],[38,64],[41,28],[28,24],[24,74],[43,29],[29,48],[44,6],[6,4],[4,40],[45,23],[23,69],[46,71],[47,75],[50,60],[51,76],[54,77],[56,63],[58,42],[42,48],[48,55],[59,31],[31,49],[49,40],[40,20],[61,13],[13,52],[52,39],[64,1],[1,26],[26,14],[65,55],[66,18],[67,62],[62,73],[68,18],[18,33],[33,71],[70,69],[69,55],[55,75],[71,2],[2,72],[72,22],[22,20],[73,63],[63,0],[0,57],[57,53],[53,60],[60,5],[5,76],[74,14],[14,20],[75,76],[76,20],[20,39],[39,77]]
[3,18,43,47,10,11,6,27,22,6,43,24,16,41,36,8,6,42,1,3,36,4,29,24,42,35,40,16,41,36,10,40,13,35,35,1,19,17,6,46,44,33,9,10,9,32,31,33,35,31,26,24,18,20,30,24,2,30,21,19,28,13,7,18,10,44,47,38,22,14,43,1,36,29,43,24,1,35]
429

