[1,2,3]
6

[3,7,4,5]
144

[1,3,1,4,1,5]
13

[51,92,83,57,97,66,75,67,54,82,91,57,55,52,97,73,92,83,84,97,90,65,98,68,60,70,62,84,80,58,84,68,72,66,76,95,74,94,89,86,60,76,92,96,59,98,94,87,93,57]
14612019

[98,94,87,93,57,83,57,97,66,75,67,54,82,91,57,55,52,97,73,92,83,84,97,90,65,98,68,60,70,62,84,80,58,84,68,72,66,76,95,74,94,89,86,60,76,92,96,59,98,94,87,93,57,51,92,83,57,97,66,75,67,54,82,91,57,55,52,97,73,92,83,84,97,90,65,98,68,60,70,62,84,80,58,84,68,72,66,76,95,74,94,89,86,60,76,92,96,59,98,94,87,93,57,92,83,57,97,66,75,67,54,82,91,57,55,52,97,73,92,83,84,97,90,65,98,68,60,70,62,84,80,58,84,68,72,66,76,95,74,94,89,86,60,76,92,96,59,98,94,87,93,57,51,92,83,57,97,66,75,67,54,82,91,57,55,52,97,73,92,83,84,97,90,65,98,68,60,70,62,84,80,58,84,68,72,66,76,95,74,94,89,86,60,76,92,96,59,98,94,87,93,57,92,83,57,97,66,75,67,54,82,91,57,55,52,97,73,92,83,84,97,90,65,98,68,60,70,62,84,80,58,84,68,72,66,76,95,74,94,89,86,60,76,92,96,59,98,94,87,93,57,51,92,83,57,97,66,75,67,54,82,91,57,55,52,97,73,92,83,84,97,90,65,98,68,60,70,62,84,80,58,84,68,72,66,76,95,74,94,89,86,60,76,92,96,59,98,94,87,93,57,92,83,57,97,66,75,67,54,82,91,57,55,52,97,73,92,83,84,97,90,65,98,68,60,70,62,84,80,58,84,68,72,66,76,95,74,94,89,86,60,76,92,96,59,98,94,87,93,57,51,92,83,57,97,66,75,67,54,82,91,57,55,52,97,73,92,83,84,97,90,65,98,68,60,70,62,84,80,58,84,68,72,66,76,95,74,94,89,86,60,76,92,96,59,98,94,87,93,57,83,57,97,66,75,67,54,82,91,57,55,52,97,73,92,83,84,97,90,65,98,68,60,70,62,84,80,58,84,68,72,66,76,95,74,94,89,86,60,76,92,96,59,98,94,87,93,57,51,92,83,57,97,66,75,67,54,82,91,57,55,52,97,73,92,83,84,97,90,65,98,68,60,70,62,84,80,58,84,68,72,66,76,95,74,94,89,86,60,76,92,96,59,98,94,87,93,57,92,83,57,97,66,75,67,54,82,91,57,55,52,97,73,92,83,84,97,90,65,98,68,60,70,62,84,80,58,84,68,72,66,76,95,74,94,89,86,60,76,92,96,59,98,94,87,93,57,51,92,83,57,97,66,75,67,54,82,91,57,55,52,97,73,92,83,84,97,90,65,98,68,60,70,62,84,80,58,84,68,72,66,76,95,74,94,89,86,60,76,92,96,59,98,94,87,93,57,92,83,57,97,66,75,67,54,82,91,57,55,52,97,73,92,83,84,97,90,65,98,68,60,70,62,84,80,58,84,68,72,66,76,95,74,94,89,86,60,76,92,96,59,98,94,87,93,57,51,92,83,57,97,66,75,67,54,82,91,57,55,52,97,73,92,83,84,97,90,65,98,68,60,70,62,84,80,58,84,68,72,66,76,95,74,94,89,86,60,76,92,96,59,98,94,87,93,57,92,83,57,97,66,75,67,54,82,91,57,55,52,97,73,92,83,84,97,90,65,98,68,60,70,62,84,80,58,84,68,72,66,76,95,74,94,89,86,60,76,92,96,59,98,94,87,93,57,51,92,83,57,97,66,75,67,54,82,91,57,55,52,97,73,92,83,84,97,90,65,98,68,60,70,62,84,80,58,84,68,72,66,76,95,74,94,89,86,60,76,92,96,59,98,94,87,93,57]
238573698
